STRESS_1: 547.4530362603757 531.4285714285714 MAX: 858.5714285714286 MIN:404.2857142857143
STRESS_2: 939.9022556390975  945.0 MAX: 1205.7142857142858 MIN:654.2857142857142
STRESS_2_calc(!!!): max: 844  mean: 658.5549738219895
STRESS_3: 477.24571428571426 462.85714285714283 MAX: 788.5714285714286 MIN:368.57142857142856
