STRESS_1: 708.5714285714287 708.5714285714286 MAX: 832.8571428571429 MIN:575.7142857142858
STRESS_2: 853.4989648033127  868.5714285714286 MAX: 965.7142857142858 MIN:680.0
STRESS_2_calc(!!!): max: 676  mean: 593.6571428571428
STRESS_3: 817.1825396825396 800.0 MAX: 1081.4285714285713 MIN:644.2857142857142
BASE_1: 861.1554621848741 878.5714285714286 MAX: 980.0 MIN:690.0
BASE_2: 778.2666666666665 752.8571428571429 MAX: 980.0 MIN:647.1428571428571
BASE_2_calc(!!!): max: 686  mean: 546.3552631578947
BASE_1: 850.1242236024844 887.1428571428571 MAX: 1001.4285714285713 MIN:657.1428571428571
