STRESS_1: 514.1863354037266 501.42857142857144 MAX: 717.1428571428572 MIN:442.85714285714283
STRESS_2: 941.655328798186  947.1428571428572 MAX: 1171.4285714285716 MIN:654.2857142857142
STRESS_2_calc(!!!): max: 820  mean: 653.78125
STRESS_3: 510.0985221674877 492.14285714285717 MAX: 788.5714285714286 MIN:370.0
BASE_1: 806.320939334638 784.2857142857142 MAX: 1101.4285714285713 MIN:594.2857142857143
BASE_2: 871.1974789915967 861.4285714285714 MAX: 1180.0 MIN:714.2857142857143
BASE_2_calc(!!!): max: 826  mean: 604.7536231884058
BASE_1: 868.2142857142857 862.8571428571429 MAX: 1112.8571428571427 MIN:631.4285714285714
