STRESS_1: 547.4574049803407 532.8571428571428 MAX: 855.7142857142858 MIN:405.71428571428567
STRESS_2: 939.9022556390978  945.0 MAX: 1207.142857142857 MIN:654.2857142857142
STRESS_2_calc(!!!): max: 845  mean: 658.5549738219895
STRESS_3: 477.24571428571426 462.85714285714283 MAX: 788.5714285714286 MIN:370.0
